Frequency	Gain
400.00000	 0.12865
400.55633	 0.12907
401.11266	 0.12950
401.66898	 0.12993
402.22531	 0.13036
402.78164	 0.13080
403.33797	 0.13123
403.89430	 0.13167
404.45063	 0.13212
405.00695	 0.13256
405.56328	 0.13301
406.11961	 0.13345
406.67594	 0.13391
407.23227	 0.13436
407.78860	 0.13482
408.34492	 0.13527
408.90125	 0.13573
409.45758	 0.13620
410.01391	 0.13666
410.57024	 0.13713
411.12656	 0.13760
411.68289	 0.13808
412.23922	 0.13855
412.79555	 0.13903
413.35188	 0.13951
413.90821	 0.14000
414.46453	 0.14048
415.02086	 0.14097
415.57719	 0.14147
416.13352	 0.14196
416.68985	 0.14246
417.24618	 0.14296
417.80250	 0.14346
418.35883	 0.14397
418.91516	 0.14448
419.47149	 0.14499
420.02782	 0.14551
420.58414	 0.14603
421.14047	 0.14655
421.69680	 0.14707
422.25313	 0.14760
422.80946	 0.14813
423.36579	 0.14866
423.92211	 0.14920
424.47844	 0.14974
425.03477	 0.15028
425.59110	 0.15083
426.14743	 0.15138
426.70376	 0.15193
427.26008	 0.15248
427.81641	 0.15304
428.37274	 0.15361
428.92907	 0.15417
429.48540	 0.15474
430.04172	 0.15531
430.59805	 0.15589
431.15438	 0.15647
431.71071	 0.15705
432.26704	 0.15764
432.82337	 0.15823
433.37969	 0.15883
433.93602	 0.15943
434.49235	 0.16003
435.04868	 0.16063
435.60501	 0.16124
436.16134	 0.16186
436.71766	 0.16247
437.27399	 0.16309
437.83032	 0.16372
438.38665	 0.16435
438.94298	 0.16498
439.49930	 0.16562
440.05563	 0.16626
440.61196	 0.16690
441.16829	 0.16755
441.72462	 0.16821
442.28095	 0.16887
442.83727	 0.16953
443.39360	 0.17020
443.94993	 0.17087
444.50626	 0.17154
445.06259	 0.17222
445.61892	 0.17291
446.17524	 0.17360
446.73157	 0.17429
447.28790	 0.17499
447.84423	 0.17569
448.40056	 0.17640
448.95688	 0.17711
449.51321	 0.17783
450.06954	 0.17856
450.62587	 0.17928
451.18220	 0.18002
451.73853	 0.18075
452.29485	 0.18150
452.85118	 0.18225
453.40751	 0.18300
453.96384	 0.18376
454.52017	 0.18452
455.07650	 0.18529
455.63282	 0.18607
456.18915	 0.18685
456.74548	 0.18763
457.30181	 0.18843
457.85814	 0.18922
458.41446	 0.19003
458.97079	 0.19084
459.52712	 0.19165
460.08345	 0.19247
460.63978	 0.19330
461.19611	 0.19413
461.75243	 0.19497
462.30876	 0.19582
462.86509	 0.19667
463.42142	 0.19753
463.97775	 0.19839
464.53408	 0.19927
465.09040	 0.20014
465.64673	 0.20103
466.20306	 0.20192
466.75939	 0.20282
467.31572	 0.20372
467.87204	 0.20464
468.42837	 0.20556
468.98470	 0.20648
469.54103	 0.20742
470.09736	 0.20836
470.65369	 0.20930
471.21001	 0.21026
471.76634	 0.21122
472.32267	 0.21220
472.87900	 0.21317
473.43533	 0.21416
473.99166	 0.21516
474.54798	 0.21616
475.10431	 0.21717
475.66064	 0.21819
476.21697	 0.21922
476.77330	 0.22025
477.32962	 0.22130
477.88595	 0.22235
478.44228	 0.22341
478.99861	 0.22448
479.55494	 0.22556
480.11127	 0.22665
480.66759	 0.22775
481.22392	 0.22886
481.78025	 0.22997
482.33658	 0.23110
482.89291	 0.23223
483.44924	 0.23338
484.00556	 0.23454
484.56189	 0.23570
485.11822	 0.23688
485.67455	 0.23806
486.23088	 0.23926
486.78720	 0.24047
487.34353	 0.24168
487.89986	 0.24291
488.45619	 0.24415
489.01252	 0.24540
489.56885	 0.24666
490.12517	 0.24794
490.68150	 0.24922
491.23783	 0.25052
491.79416	 0.25183
492.35049	 0.25315
492.90682	 0.25448
493.46314	 0.25583
494.01947	 0.25718
494.57580	 0.25855
495.13213	 0.25994
495.68846	 0.26133
496.24478	 0.26274
496.80111	 0.26417
497.35744	 0.26560
497.91377	 0.26705
498.47010	 0.26852
499.02643	 0.27000
499.58275	 0.27149
500.13908	 0.27300
500.69541	 0.27452
501.25174	 0.27606
501.80807	 0.27761
502.36439	 0.27918
502.92072	 0.28076
503.47705	 0.28236
504.03338	 0.28397
504.58971	 0.28561
505.14604	 0.28725
505.70236	 0.28892
506.25869	 0.29060
506.81502	 0.29230
507.37135	 0.29402
507.92768	 0.29575
508.48401	 0.29751
509.04033	 0.29928
509.59666	 0.30107
510.15299	 0.30288
510.70932	 0.30470
511.26565	 0.30655
511.82197	 0.30842
512.37830	 0.31030
512.93463	 0.31221
513.49096	 0.31414
514.04729	 0.31609
514.60362	 0.31806
515.15994	 0.32005
515.71627	 0.32207
516.27260	 0.32410
516.82893	 0.32616
517.38526	 0.32824
517.94159	 0.33035
518.49791	 0.33248
519.05424	 0.33463
519.61057	 0.33681
520.16690	 0.33901
520.72323	 0.34124
521.27955	 0.34349
521.83588	 0.34577
522.39221	 0.34808
522.94854	 0.35041
523.50487	 0.35277
524.06120	 0.35516
524.61752	 0.35758
525.17385	 0.36002
525.73018	 0.36250
526.28651	 0.36500
526.84284	 0.36753
527.39917	 0.37010
527.95549	 0.37269
528.51182	 0.37532
529.06815	 0.37798
529.62448	 0.38067
530.18081	 0.38340
530.73713	 0.38616
531.29346	 0.38895
531.84979	 0.39178
532.40612	 0.39464
532.96245	 0.39754
533.51878	 0.40048
534.07510	 0.40345
534.63143	 0.40646
535.18776	 0.40951
535.74409	 0.41260
536.30042	 0.41573
536.85675	 0.41890
537.41307	 0.42211
537.96940	 0.42536
538.52573	 0.42865
539.08206	 0.43199
539.63839	 0.43537
540.19471	 0.43879
540.75104	 0.44226
541.30737	 0.44578
541.86370	 0.44934
542.42003	 0.45295
542.97636	 0.45661
543.53268	 0.46031
544.08901	 0.46407
544.64534	 0.46788
545.20167	 0.47174
545.75800	 0.47565
546.31433	 0.47961
546.87065	 0.48363
547.42698	 0.48770
547.98331	 0.49183
548.53964	 0.49601
549.09597	 0.50025
549.65229	 0.50455
550.20862	 0.50890
550.76495	 0.51332
551.32128	 0.51780
551.87761	 0.52233
552.43394	 0.52693
552.99026	 0.53159
553.54659	 0.53632
554.10292	 0.54111
554.65925	 0.54596
555.21558	 0.55088
555.77191	 0.55587
556.32823	 0.56092
556.88456	 0.56605
557.44089	 0.57124
557.99722	 0.57649
558.55355	 0.58182
559.10987	 0.58722
559.66620	 0.59269
560.22253	 0.59824
560.77886	 0.60385
561.33519	 0.60954
561.89152	 0.61529
562.44784	 0.62112
563.00417	 0.62703
563.56050	 0.63300
564.11683	 0.63905
564.67316	 0.64517
565.22949	 0.65137
565.78581	 0.65763
566.34214	 0.66397
566.89847	 0.67038
567.45480	 0.67686
568.01113	 0.68341
568.56745	 0.69002
569.12378	 0.69671
569.68011	 0.70346
570.23644	 0.71027
570.79277	 0.71714
571.34910	 0.72408
571.90542	 0.73107
572.46175	 0.73812
573.01808	 0.74522
573.57441	 0.75237
574.13074	 0.75957
574.68707	 0.76681
575.24339	 0.77408
575.79972	 0.78139
576.35605	 0.78873
576.91238	 0.79610
577.46871	 0.80348
578.02503	 0.81088
578.58136	 0.81828
579.13769	 0.82568
579.69402	 0.83307
580.25035	 0.84045
580.80668	 0.84781
581.36300	 0.85514
581.91933	 0.86243
582.47566	 0.86966
583.03199	 0.87685
583.58832	 0.88396
584.14465	 0.89099
584.70097	 0.89794
585.25730	 0.90478
585.81363	 0.91151
586.36996	 0.91812
586.92629	 0.92460
587.48261	 0.93093
588.03894	 0.93709
588.59527	 0.94309
589.15160	 0.94890
589.70793	 0.95451
590.26426	 0.95992
590.82058	 0.96510
591.37691	 0.97005
591.93324	 0.97475
592.48957	 0.97920
593.04590	 0.98338
593.60223	 0.98728
594.15855	 0.99089
594.71488	 0.99420
595.27121	 0.99721
595.82754	 0.99990
596.38387	 1.00227
596.94019	 1.00431
597.49652	 1.00602
598.05285	 1.00739
598.60918	 1.00843
599.16551	 1.00911
599.72184	 1.00946
600.27816	 1.00946
600.83449	 1.00911
601.39082	 1.00843
601.94715	 1.00741
602.50348	 1.00605
603.05981	 1.00437
603.61613	 1.00236
604.17246	 1.00003
604.72879	 0.99740
605.28512	 0.99446
605.84145	 0.99124
606.39777	 0.98773
606.95410	 0.98395
607.51043	 0.97992
608.06676	 0.97563
608.62309	 0.97110
609.17942	 0.96635
609.73574	 0.96139
610.29207	 0.95622
610.84840	 0.95087
611.40473	 0.94533
611.96106	 0.93963
612.51739	 0.93378
613.07371	 0.92779
613.63004	 0.92167
614.18637	 0.91542
614.74270	 0.90907
615.29903	 0.90263
615.85535	 0.89610
616.41168	 0.88949
616.96801	 0.88282
617.52434	 0.87609
618.08067	 0.86931
618.63700	 0.86249
619.19332	 0.85565
619.74965	 0.84878
620.30598	 0.84189
620.86231	 0.83499
621.41864	 0.82810
621.97497	 0.82121
622.53129	 0.81432
623.08762	 0.80746
623.64395	 0.80061
624.20028	 0.79379
624.75661	 0.78699
625.31293	 0.78024
625.86926	 0.77351
626.42559	 0.76683
626.98192	 0.76020
627.53825	 0.75361
628.09458	 0.74707
628.65090	 0.74058
629.20723	 0.73415
629.76356	 0.72777
630.31989	 0.72145
630.87622	 0.71519
631.43255	 0.70899
631.98887	 0.70285
632.54520	 0.69677
633.10153	 0.69076
633.65786	 0.68481
634.21419	 0.67893
634.77051	 0.67312
635.32684	 0.66736
635.88317	 0.66168
636.43950	 0.65606
636.99583	 0.65051
637.55216	 0.64502
638.10848	 0.63961
638.66481	 0.63425
639.22114	 0.62897
639.77747	 0.62374
640.33380	 0.61859
640.89013	 0.61350
641.44645	 0.60847
642.00278	 0.60351
642.55911	 0.59861
643.11544	 0.59377
643.67177	 0.58900
644.22809	 0.58429
644.78442	 0.57964
645.34075	 0.57505
645.89708	 0.57052
646.45341	 0.56605
647.00974	 0.56163
647.56606	 0.55728
648.12239	 0.55298
648.67872	 0.54874
649.23505	 0.54456
649.79138	 0.54042
650.34771	 0.53635
650.90403	 0.53233
651.46036	 0.52836
652.01669	 0.52444
652.57302	 0.52057
653.12935	 0.51675
653.68567	 0.51299
654.24200	 0.50927
654.79833	 0.50560
655.35466	 0.50198
655.91099	 0.49841
656.46732	 0.49488
657.02364	 0.49140
657.57997	 0.48796
658.13630	 0.48456
658.69263	 0.48121
659.24896	 0.47791
659.80529	 0.47464
660.36161	 0.47142
660.91794	 0.46823
661.47427	 0.46509
662.03060	 0.46199
662.58693	 0.45892
663.14325	 0.45590
663.69958	 0.45291
664.25591	 0.44996
664.81224	 0.44705
665.36857	 0.44417
665.92490	 0.44132
666.48122	 0.43852
667.03755	 0.43574
667.59388	 0.43300
668.15021	 0.43030
668.70654	 0.42762
669.26287	 0.42498
669.81919	 0.42237
670.37552	 0.41979
670.93185	 0.41724
671.48818	 0.41472
672.04451	 0.41223
672.60083	 0.40978
673.15716	 0.40735
673.71349	 0.40494
674.26982	 0.40257
674.82615	 0.40022
675.38248	 0.39790
675.93880	 0.39561
676.49513	 0.39334
677.05146	 0.39110
677.60779	 0.38889
678.16412	 0.38670
678.72045	 0.38453
679.27677	 0.38239
679.83310	 0.38027
680.38943	 0.37818
680.94576	 0.37611
681.50209	 0.37406
682.05841	 0.37203
682.61474	 0.37003
683.17107	 0.36805
683.72740	 0.36609
684.28373	 0.36415
684.84006	 0.36223
685.39638	 0.36033
685.95271	 0.35845
686.50904	 0.35660
687.06537	 0.35476
687.62170	 0.35294
688.17803	 0.35114
688.73435	 0.34936
689.29068	 0.34760
689.84701	 0.34585
690.40334	 0.34413
690.95967	 0.34242
691.51599	 0.34073
692.07232	 0.33905
692.62865	 0.33739
693.18498	 0.33575
693.74131	 0.33413
694.29764	 0.33252
694.85396	 0.33093
695.41029	 0.32936
695.96662	 0.32780
696.52295	 0.32625
697.07928	 0.32472
697.63561	 0.32321
698.19193	 0.32171
698.74826	 0.32022
699.30459	 0.31875
699.86092	 0.31729
700.41725	 0.31585
700.97357	 0.31442
701.52990	 0.31301
702.08623	 0.31160
702.64256	 0.31021
703.19889	 0.30884
703.75522	 0.30747
704.31154	 0.30612
704.86787	 0.30478
705.42420	 0.30346
705.98053	 0.30215
706.53686	 0.30084
707.09318	 0.29955
707.64951	 0.29828
708.20584	 0.29701
708.76217	 0.29575
709.31850	 0.29451
709.87483	 0.29328
710.43115	 0.29205
710.98748	 0.29084
711.54381	 0.28964
712.10014	 0.28845
712.65647	 0.28727
713.21280	 0.28610
713.76912	 0.28494
714.32545	 0.28380
714.88178	 0.28266
715.43811	 0.28153
715.99444	 0.28041
716.55076	 0.27930
717.10709	 0.27820
717.66342	 0.27710
718.21975	 0.27602
718.77608	 0.27495
719.33241	 0.27388
719.88873	 0.27283
720.44506	 0.27178
721.00139	 0.27074
721.55772	 0.26971
722.11405	 0.26869
722.67038	 0.26768
723.22670	 0.26668
723.78303	 0.26568
724.33936	 0.26469
724.89569	 0.26371
725.45202	 0.26274
726.00834	 0.26177
726.56467	 0.26082
727.12100	 0.25987
727.67733	 0.25892
728.23366	 0.25799
728.78999	 0.25706
729.34631	 0.25614
729.90264	 0.25523
730.45897	 0.25432
731.01530	 0.25342
731.57163	 0.25253
732.12796	 0.25165
732.68428	 0.25077
733.24061	 0.24990
733.79694	 0.24903
734.35327	 0.24817
734.90960	 0.24732
735.46592	 0.24648
736.02225	 0.24564
736.57858	 0.24480
737.13491	 0.24398
737.69124	 0.24315
738.24757	 0.24234
738.80389	 0.24153
739.36022	 0.24073
739.91655	 0.23993
740.47288	 0.23914
741.02921	 0.23835
741.58554	 0.23757
742.14186	 0.23680
742.69819	 0.23603
743.25452	 0.23527
743.81085	 0.23451
744.36718	 0.23376
744.92350	 0.23301
745.47983	 0.23227
746.03616	 0.23153
746.59249	 0.23080
747.14882	 0.23008
747.70515	 0.22935
748.26147	 0.22864
748.81780	 0.22793
749.37413	 0.22722
749.93046	 0.22652
750.48679	 0.22582
751.04312	 0.22513
751.59944	 0.22444
752.15577	 0.22376
752.71210	 0.22308
753.26843	 0.22241
753.82476	 0.22174
754.38108	 0.22108
754.93741	 0.22042
755.49374	 0.21976
756.05007	 0.21911
756.60640	 0.21846
757.16273	 0.21782
757.71905	 0.21718
758.27538	 0.21655
758.83171	 0.21592
759.38804	 0.21529
759.94437	 0.21467
760.50070	 0.21405
761.05702	 0.21343
761.61335	 0.21282
762.16968	 0.21222
762.72601	 0.21162
763.28234	 0.21102
763.83866	 0.21042
764.39499	 0.20983
764.95132	 0.20924
765.50765	 0.20866
766.06398	 0.20808
766.62031	 0.20750
767.17663	 0.20693
767.73296	 0.20636
768.28929	 0.20580
768.84562	 0.20523
769.40195	 0.20468
769.95828	 0.20412
770.51460	 0.20357
771.07093	 0.20302
771.62726	 0.20247
772.18359	 0.20193
772.73992	 0.20139
773.29624	 0.20086
773.85257	 0.20033
774.40890	 0.19980
774.96523	 0.19927
775.52156	 0.19875
776.07789	 0.19823
776.63421	 0.19771
777.19054	 0.19720
777.74687	 0.19669
778.30320	 0.19618
778.85953	 0.19567
779.41586	 0.19517
779.97218	 0.19467
780.52851	 0.19418
781.08484	 0.19369
781.64117	 0.19320
782.19750	 0.19271
782.75382	 0.19222
783.31015	 0.19174
783.86648	 0.19126
784.42281	 0.19079
784.97914	 0.19031
785.53547	 0.18984
786.09179	 0.18937
786.64812	 0.18891
787.20445	 0.18844
787.76078	 0.18798
788.31711	 0.18753
788.87344	 0.18707
789.42976	 0.18662
789.98609	 0.18617
790.54242	 0.18572
791.09875	 0.18527
791.65508	 0.18483
792.21140	 0.18439
792.76773	 0.18395
793.32406	 0.18352
793.88039	 0.18308
794.43672	 0.18265
794.99305	 0.18222
795.54937	 0.18180
796.10570	 0.18137
796.66203	 0.18095
797.21836	 0.18053
797.77469	 0.18011
798.33102	 0.17970
798.88734	 0.17928
799.44367	 0.17887
800.00000	 0.17846
